# 16
0.191513 -0.886692 0.264834 -0.4011 -0.307121 -0.121418 -0.222465 0.0139199 0.683459 0.367729 0.106123 -0.262996 -0.220621 -0.496198 -0.201764 0.000366013 
0.265504 -0.685906 -0.0708158 -0.114341 0.0537729 1.029 -0.0215021 -0.108604 0.377292 -0.347198 -0.0861656 -0.682646 -0.566983 -0.783702 0.127909 -0.0851114 
0.289672 -0.122177 0.298953 0.116657 -0.145731 0.303042 -0.257774 -0.377137 0.227817 -0.845828 -0.610074 0.435629 -0.254138 -0.956296 0.850562 0.56357 
-1.26239 0.00683606 0.0978872 0.383735 0.581232 0.249128 -0.207948 0.547232 0.300539 -0.497788 -0.384318 0.438084 -0.171805 -0.583564 0.600706 0.579376 
-0.941819 0.698778 0.884884 0.0121267 0.741411 -0.512882 0.487718 0.57109 0.194078 -0.920608 -1.77799 0.58472 0.0909071 -0.121397 0.568747 0.417124 
-0.433233 1.05206 0.658028 0.421017 -0.600986 -0.0314182 0.0966406 0.790894 0.0704034 -1.01906 -0.862464 0.731939 -0.139147 0.369166 0.169896 0.285478 
-0.355931 -0.810834 -0.866496 0.417619 0.691862 0.087133 -0.603458 -0.410927 -0.287464 0.617956 -0.00745182 -0.466695 0.348445 0.0337835 0.28173 0.247913 
0.594555 -0.43981 -0.766371 -0.509001 1.15058 -0.357664 -0.00244171 -0.241924 -0.908548 -0.609958 -0.338601 0.53359 0.730146 0.0888201 -0.513906 -0.0561222 
0.409323 -0.0749912 -0.300263 0.752736 0.355763 0.63414 0.281456 -0.334582 -0.443436 -0.370838 0.760541 -0.0391803 0.0883887 -0.0627665 -0.319249 -0.50415 
-0.808049 0.923061 -0.082155 0.0638198 -0.278408 0.114628 0.146075 -0.0702751 0.503617 0.380034 0.129694 0.231863 0.230462 -0.38898 1.12811 -0.0267664 
0.316229 -0.00652353 0.158125 -0.688171 0.418633 0.92426 -0.698956 0.0865698 1.08059 0.0140545 0.309364 0.50203 -0.0800519 0.0744208 0.349987 -0.265405 
0.292711 0.928009 0.258027 -0.399168 -0.066261 1.07221 0.407893 0.650714 0.428146 1.18344 -0.647146 0.151719 1.15967 1.24652 -0.504203 -0.425298 
0.0243224 1.13223 0.363983 0.169071 -0.0178437 0.328264 -0.940494 0.0453211 0.200722 0.806657 -0.830925 -0.117452 -1.05422 0.0162451 -0.842215 -0.720697 
-0.194274 0.338777 0.185143 1.05743 0.454997 0.524541 -1.14312 -0.394249 -0.26283 0.874598 0.0508023 0.157162 -0.713168 0.367401 0.0274381 0.0620243 
0.185135 0.0198002 0.258111 -0.270499 -0.2057 -0.132357 -0.407426 0.0508267 0.151139 -0.59056 -0.654578 -0.434068 0.0513822 0.77037 0.361982 0.737403 
-0.635149 0.0738864 -0.321886 -0.608933 0.180457 0.776296 -0.496408 0.301149 -0.102476 -0.11798 -0.728894 -0.550653 -0.514738 -0.504418 0.0703908 -0.0349886 
